object={
	name="tree_leaf_2_high_generator_1_0"
	clamp_to_water_level=no
	render_under_water=no
	generated_content=yes
	layer="tree_high_layer"
	pdxmesh="tree_leaf_01_a_mesh"
	count=10
	transform="3578.839844 0.000000 1946.124268 0.000000 0.637034 0.000000 -0.770835 0.607910 0.607910 0.607910
3579.234619 0.000000 1925.908813 0.000000 0.034386 0.000000 -0.999409 0.613809 0.613809 0.613809
3585.064697 0.000000 1935.387695 0.000000 0.839495 0.000000 -0.543368 0.604302 0.604302 0.604302
3585.538330 0.000000 1962.542603 0.000000 0.597922 0.000000 0.801554 0.595821 0.595821 0.595821
3591.729492 0.000000 1948.855713 0.000000 0.856738 0.000000 0.515752 0.598377 0.598377 0.598377
3584.276367 0.000000 1953.696899 0.000000 0.133145 0.000000 0.991097 0.593541 0.593541 0.593541
2738.033691 0.000000 2171.876953 0.000000 0.953928 0.000000 -0.300036 0.602282 0.602282 0.602282
3227.976318 0.000000 2055.164795 0.000000 0.300120 0.000000 -0.953901 0.601896 0.601896 0.601896
3226.578857 0.000000 2089.305420 0.000000 0.778987 0.000000 0.627040 0.597970 0.597970 0.597970
3227.976318 0.000000 2119.149170 0.000000 0.179190 0.000000 -0.983815 0.604166 0.604166 0.604166
"}
object={
	name="tree_leaf_2_high_generator_1_1"
	clamp_to_water_level=no
	render_under_water=no
	generated_content=yes
	layer="tree_high_layer"
	pdxmesh="tree_leaf_01_b_mesh"
	count=14
	transform="3580.121338 0.000000 1916.267578 0.000000 0.997010 0.000000 -0.077267 0.600579 0.600579 0.600579
3577.980957 0.000000 1933.056763 0.000000 0.346623 0.000000 0.938004 0.590886 0.590886 0.590886
3580.027832 0.000000 1963.340698 0.000000 0.918546 0.000000 -0.395314 0.602435 0.602435 0.602435
3573.089600 0.000000 1949.754150 0.000000 0.920712 0.000000 -0.390242 0.603603 0.603603 0.603603
3581.217529 0.000000 1920.337769 0.000000 0.958292 0.000000 0.285792 0.596527 0.596527 0.596527
3589.124023 0.000000 1978.087280 0.000000 0.509903 0.000000 -0.860232 0.603103 0.603103 0.603103
3583.935059 0.000000 1922.824341 0.000000 0.929735 0.000000 -0.368229 0.603389 0.603389 0.603389
3583.792969 0.000000 1944.409790 0.000000 0.986100 0.000000 0.166152 0.599000 0.599000 0.599000
3594.944092 0.000000 1984.302490 0.000000 0.987068 0.000000 -0.160303 0.600241 0.600241 0.600241
2748.222900 0.000000 2172.205078 0.000000 0.940997 0.000000 -0.338414 0.604654 0.604654 0.604654
2751.766113 0.000000 2172.555908 0.000000 0.924583 0.000000 -0.380981 0.603513 0.603513 0.603513
3220.575439 0.000000 2106.546387 0.000000 0.932121 0.000000 0.362146 0.599445 0.599445 0.599445
3222.582764 0.000000 2078.931885 0.000000 0.973053 0.000000 -0.230583 0.600349 0.600349 0.600349
3233.398438 0.000000 2068.411865 0.000000 0.691376 0.000000 -0.722495 0.602419 0.602419 0.602419
"}
